0.002830 0.229786 0.447772 0.367956 0.012397 0.074207 0.204725 0.013643 0.316448 0.011753 0.104699 1.087450 0.284866 1.985151 0.004626 0.202846 0.002244 1.074898 0.871095 1.486732 0.119033 0.204933 0.059916 0.018839 0.217361 0.011869
0.146204 0.010933 0.001890 0.002474 0.576284 0.000146 0.000255 0.001057 0.106597 0.023225 0.000094 0.233400 0.003129 0.002095 0.195411 0.000547 0.000012 0.111560 0.045832 0.017104 0.184944 0.003844 0.000295 0.000028 0.176468 0.000036
0.538164 0.000630 0.083138 0.002231 0.651417 0.001408 0.000886 0.597766 0.281485 0.000105 0.117626 0.149011 0.002665 0.000860 0.793860 0.001315 0.005475 0.149456 0.022823 0.460972 0.162614 0.000208 0.000139 0.000031 0.041719 0.000731
0.151067 0.002773 0.002519 0.042751 0.764818 0.002779 0.031003 0.005438 0.492966 0.004782 0.000337 0.032340 0.018177 0.007569 0.188235 0.001733 0.000707 0.085450 0.126261 0.002896 0.148461 0.019053 0.008162 0.000046 0.050423 0.000078
0.688165 0.027074 0.477283 1.168123 0.377605 0.162732 0.119536 0.026324 0.183352 0.004546 0.016472 0.530302 0.373664 1.454248 0.072500 0.171574 0.057252 2.048265 1.339394 0.412608 0.031153 0.254784 0.116806 0.214045 0.143746 0.004523
0.164000 0.000274 0.000576 0.000495 0.236573 0.146317 0.000512 0.000183 0.284586 0.000073 0.000117 0.064905 0.000686 0.000419 0.487754 0.000222 0.000005 0.213189 0.005510 0.081664 0.095975 0.000029 0.000229 0.000029 0.009098 0.000009
0.148077 0.000495 0.000229 0.003160 0.385190 0.001204 0.024755 0.227503 0.151637 0.000039 0.000260 0.060637 0.009858 0.065639 0.132128 0.000412 0.000012 0.196778 0.051193 0.015403 0.085770 0.000042 0.000648 0.000020 0.025940 0.000122
0.925764 0.004390 0.001228 0.002857 3.074741 0.002243 0.000276 0.000522 0.763242 0.000045 0.000234 0.012592 0.012743 0.025758 0.484902 0.000592 0.000423 0.084393 0.014684 0.130186 0.073693 0.000223 0.004774 0.000009 0.050089 0.000381
0.286282 0.098603 0.698707 0.295504 0.384646 0.203257 0.254961 0.002091 0.022782 0.001111 0.042913 0.431535 0.317760 2.432745 0.834932 0.089211 0.011304 0.315172 1.128430 1.123274 0.017409 0.287848 0.000625 0.022032 0.000222 0.064340
0.025861 0.000075 0.000122 0.000093 0.051887 0.000086 0.000037 0.000126 0.002763 0.000106 0.000062 0.000113 0.000130 0.000147 0.053790 0.000217 0.000000 0.000243 0.000118 0.000103 0.058702 0.000061 0.000041 0.000006 0.000040 0.000008
0.016956 0.000901 0.000224 0.000670 0.213768 0.001587 0.002563 0.003185 0.097878 0.000123 0.000453 0.010570 0.001789 0.051439 0.006076 0.000727 0.000007 0.002722 0.047509 0.001033 0.003026 0.000157 0.002178 0.000020 0.005950 0.000005
0.527529 0.006690 0.011822 0.252606 0.829254 0.053477 0.006088 0.001619 0.624352 0.000112 0.019715 0.576571 0.023021 0.005870 0.386884 0.019030 0.000127 0.010051 0.141513 0.123637 0.135189 0.034906 0.012639 0.000305 0.425014 0.000417
0.565269 0.090256 0.004312 0.000671 0.793006 0.003818 0.001225 0.000533 0.317691 0.000104 0.000140 0.004607 0.096069 0.008790 0.336878 0.239175 0.000025 0.003106 0.092833 0.001367 0.114619 0.000290 0.000584 0.000035 0.062186 0.000034
0.347235 0.004336 0.415746 1.352281 0.691722 0.067181 0.953015 0.010884 0.339212 0.011086 0.051605 0.063784 0.027749 0.072765 0.464575 0.006036 0.005950 0.009152 0.508937 1.041251 0.078644 0.052007 0.005797 0.002621 0.097917 0.004369
0.057486 0.096671 0.166405 0.195449 0.038631 1.174975 0.094024 0.021354 0.087751 0.006976 0.064312 0.365493 0.546257 1.758046 0.210259 0.223911 0.001037 1.276539 0.289967 0.442103 0.870002 0.178087 0.330478 0.018575 0.036181 0.003472
0.323572 0.001309 0.001176 0.001199 0.477989 0.001455 0.000474 0.094390 0.123094 0.000100 0.000819 0.262987 0.015956 0.001189 0.361373 0.136546 0.000038 0.474471 0.054571 0.105782 0.104540 0.000221 0.001207 0.000052 0.011764 0.000226
0.000152 0.000038 0.000040 0.000018 0.000020 0.000034 0.000000 0.000009 0.000318 0.000008 0.000000 0.000238 0.000035 0.000066 0.000047 0.000010 0.000061 0.000062 0.000158 0.000049 0.147541 0.000023 0.000006 0.000006 0.000000 0.000000
0.685633 0.026712 0.121387 0.189316 1.854323 0.032260 0.099773 0.015112 0.727619 0.000553 0.097034 0.086265 0.175133 0.160361 0.726724 0.041620 0.000998 0.120743 0.396527 0.361676 0.128329 0.069283 0.012757 0.001170 0.247740 0.000638
0.218017 0.007916 0.154749 0.005259 0.932115 0.017164 0.002468 0.315240 0.550057 0.000270 0.039465 0.055881 0.065199 0.009175 0.397732 0.191254 0.007444 0.005990 0.405075 1.053476 0.311177 0.001241 0.023528 0.000018 0.056845 0.000250
0.529886 0.002544 0.026136 0.001296 1.204870 0.005661 0.001969 3.556203 1.342579 0.000112 0.000464 0.098449 0.026479 0.010011 1.041267 0.004294 0.000089 0.425820 0.337488 0.170683 0.254907 0.001163 0.082372 0.000118 0.227277 0.003849
0.136333 0.088580 0.187652 0.091401 0.147480 0.018532 0.127908 0.001067 0.101153 0.000516 0.004604 0.345829 0.138383 0.394413 0.010657 0.136012 0.000257 0.542748 0.454257 0.405151 0.000780 0.002917 0.000277 0.003935 0.004567 0.001911
0.139980 0.000089 0.000233 0.000299 0.825281 0.000055 0.000105 0.000095 0.269544 0.000026 0.000012 0.000412 0.000113 0.000153 0.071107 0.000195 0.000008 0.000876 0.000577 0.000219 0.002212 0.000093 0.000026 0.000016 0.004897 0.000018
0.385337 0.001061 0.000674 0.003538 0.360899 0.001608 0.000098 0.378793 0.374421 0.000032 0.001067 0.015221 0.001090 0.078988 0.221754 0.000744 0.000000 0.030761 0.035084 0.006541 0.000695 0.000014 0.000262 0.000005 0.002425 0.000000
0.029601 0.000077 0.026460 0.000006 0.021795 0.001857 0.000019 0.004171 0.039418 0.000018 0.000010 0.000593 0.000233 0.000057 0.002699 0.066864 0.000292 0.000032 0.000064 0.046661 0.004771 0.001953 0.000223 0.002804 0.002576 0.000005
0.015766 0.004299 0.013501 0.006818 0.092669 0.000754 0.002593 0.000521 0.028820 0.000020 0.000330 0.014756 0.023675 0.013214 0.149902 0.024914 0.000014 0.007792 0.096832 0.016684 0.001328 0.000181 0.003372 0.000149 0.000071 0.001812
0.024904 0.000208 0.000075 0.000050 0.049733 0.000022 0.000168 0.000666 0.012117 0.000011 0.000032 0.001257 0.000167 0.000153 0.007181 0.000048 0.000032 0.000189 0.000298 0.000235 0.002152 0.000164 0.000223 0.000004 0.002357 0.002660
